Puzzle number: 1

42 68 35 1 70 25 79 59 63 65 
6 46 82 28 62 92 96 43 37 5 
3 54 93 83 22 17 19 48 27 72 
39 13 100 36 95 4 12 23 34 74 
69 45 58 38 60 24 30 91 89 7 
41 49 47 71 51 2 94 85 55 57 
67 77 32 9 40 16 31 78 87 73 
98 56 75 53 8 88 84 10 14 11 
21 97 29 18 15 52 50 20 99 90 
86 44 81 80 76 33 26 61 64 0 
Continius rows :6017149656151134064103567071164344238436558343202989506115978298005190842030966800011268132052080441564749799603411353600000000000000000000
2 : 415216047169434070346892150611291705491832072782110151586457976348904112936278015590595577461430232099169333204752330810648568298209280000000000000000000000
3 : 4192318469666939811133463100018356044396221374673234605241099771829725871925434316197957259946420666321722463008977726327092569702400000000000000000000000
4 : 42750615973577346758268867138345078084303573228575747619234898989053125667660678882281801006032579163149143537262601814519693967360000000000000000000000
5 : 440328925138148110356815722647357340766454461097950541409210617770666036871207897938612777764455540899442225454544059436479021056000000000000000000000
6 : 4581397514296841456833832045313865247628530165737385806104716504745063979604571301909812628131464009825854344804117522778423296000000000000000000000
7 : 48155320012543821039572718127619460739843194928011666682506987545345000148072695815652253068435105576277555635853355621810176000000000000000000000
8 : 511394577844355920585167546332790375173247322448899508747263111113733759693425680201204586558843574960468794233824990986240000000000000000000000
9 : 5487491914813386090312722216628519862880352652004997960701077986094363549392932315022621937218360274301087255514864156672000000000000000000000

