1 7 14 18 
4 2 6 5 
13 17 15 3 
11 8 16 0 

11 18 9 12 
7 19 15 14 
3 10 13 4 
1 2 17 0 

3 1 9 18 
16 15 10 2 
8 6 13 4 
11 5 17 0 

14 16 8 5 
7 6 3 17 
18 12 9 1 
13 15 19 0 

12 10 9 17 
13 2 6 4 
16 15 7 14 
11 8 5 0 

9 18 1 8 
2 6 16 13 
7 3 10 19 
4 17 5 0 

1 2 10 11 
16 14 18 8 
19 13 4 5 
9 12 17 0 

7 1 10 17 
13 14 9 16 
15 11 6 19 
18 3 4 0 

4 9 16 3 
11 14 1 7 
18 17 13 10 
2 19 12 0 

11 2 14 12 
15 8 6 4 
10 9 19 16 
1 18 13 0 

16 12 9 15 
17 10 3 2 
8 1 18 6 
5 7 4 0 

16 9 8 12 
5 15 14 13 
11 18 17 19 
6 4 1 0 

13 12 8 1 
16 11 2 3 
7 9 17 4 
19 18 14 0 

5 9 6 13 
14 2 8 18 
7 4 11 16 
17 15 19 0 

1 15 12 5 
13 17 10 2 
6 4 8 9 
11 7 3 0 

